-0.591380866722
-0.590599742486
-0.580540383958
-0.554795116514
-0.52135879881
-0.482608496026
-0.444416226388
-0.402798433204
-0.360921450647
-0.318590396308
-0.276649562774
-0.234872998579
-0.194073733871
-0.153697158151
-0.113577606664
-0.0758348910123
-0.038278058798
-0.00299462061888
0.030550683538
0.0628787468401
0.0928908197139
0.122582234513
0.15072849948
0.176997288266
0.202157073788
0.225748569116
0.249232889233
0.270716378065
0.291224680005
0.309987939713
0.329061845467
0.346839190445
0.363683641561
0.38001188806
0.3953467284
0.410050491478
0.424089423561
0.437809184965
0.450853374329
0.4633786748
-0.591380866722
-0.590599742486
-0.580540383958
-0.554795116514
-0.52135879881
-0.482608496026
-0.444416226388
-0.402798433204
-0.360921450647
-0.318590396308
-0.276649562774
-0.234872998579
-0.194073733871
-0.153697158151
-0.113577606664
-0.0758348910123
-0.038278058798
-0.00299462061888
0.030550683538
0.0628787468401
0.0928908197139
0.122582234513
0.15072849948
0.176997288266
0.202157073788
0.225748569116
0.249232889233
0.270716378065
0.291224680005
0.309987939713
0.329061845467
0.346839190445
0.363683641561
0.38001188806
0.3953467284
0.410050491478
0.424089423561
0.437809184965
0.450853374329
0.4633786748
-0.591380866722
-0.590599742486
-0.580540383958
-0.554795116514
-0.52135879881
-0.482608496026
-0.444416226388
-0.402798433204
-0.360921450647
-0.318590396308
-0.276649562774
-0.234872998579
-0.194073733871
-0.153697158151
-0.113577606664
-0.0758348910123
-0.038278058798
-0.00299462061888
0.030550683538
0.0628787468401
0.0928908197139
0.122582234513
0.15072849948
0.176997288266
0.202157073788
0.225748569116
0.249232889233
0.270716378065
0.291224680005
0.309987939713
0.329061845467
0.346839190445
0.363683641561
0.38001188806
0.3953467284
0.410050491478
0.424089423561
0.437809184965
0.450853374329
0.4633786748
-0.591380866722
-0.590599742486
-0.580540383958
-0.554795116514
-0.52135879881
-0.482608496026
-0.444416226388
-0.402798433204
-0.360921450647
-0.318590396308
-0.276649562774
-0.234872998579
-0.194073733871
-0.153697158151
-0.113577606664
-0.0758348910123
-0.038278058798
-0.00299462061888
0.030550683538
0.0628787468401
0.0928908197139
0.122582234513
0.15072849948
0.176997288266
0.202157073788
0.225748569116
0.249232889233
0.270716378065
0.291224680005
0.309987939713
0.329061845467
0.346839190445
0.363683641561
0.38001188806
0.3953467284
0.410050491478
0.424089423561
0.437809184965
0.450853374329
0.4633786748
-0.591380866722
-0.590599742486
-0.580540383958
-0.554795116514
-0.52135879881
-0.482608496026
-0.444416226388
-0.402798433204
-0.360921450647
-0.318590396308
-0.276649562774
-0.234872998579
-0.194073733871
-0.153697158151
-0.113577606664
-0.0758348910123
-0.038278058798
-0.00299462061888
0.030550683538
0.0628787468401
0.0928908197139
0.122582234513
0.15072849948
0.176997288266
0.202157073788
0.225748569116
0.249232889233
0.270716378065
0.291224680005
0.309987939713
0.329061845467
0.346839190445
0.363683641561
0.38001188806
0.3953467284
0.410050491478
0.424089423561
0.437809184965
0.450853374329
0.4633786748
-0.591380866722
-0.590599742486
-0.580540383958
-0.554795116514
-0.52135879881
-0.482608496026
-0.444416226388
-0.402798433204
-0.360921450647
-0.318590396308
-0.276649562774
-0.234872998579
-0.194073733871
-0.153697158151
-0.113577606664
-0.0758348910123
-0.038278058798
-0.00299462061888
0.030550683538
0.0628787468401
0.0928908197139
0.122582234513
0.15072849948
0.176997288266
0.202157073788
0.225748569116
0.249232889233
0.270716378065
0.291224680005
0.309987939713
0.329061845467
0.346839190445
0.363683641561
0.38001188806
0.3953467284
0.410050491478
0.424089423561
0.437809184965
0.450853374329
0.4633786748
-0.591380866722
-0.590599742486
-0.580540383958
-0.554795116514
-0.52135879881
-0.482608496026
-0.444416226388
-0.402798433204
-0.360921450647
-0.318590396308
-0.276649562774
-0.234872998579
-0.194073733871
-0.153697158151
-0.113577606664
-0.0758348910123
-0.038278058798
-0.00299462061888
0.030550683538
0.0628787468401
0.0928908197139
0.122582234513
0.15072849948
0.176997288266
0.202157073788
0.225748569116
0.249232889233
0.270716378065
0.291224680005
0.309987939713
0.329061845467
0.346839190445
0.363683641561
0.38001188806
0.3953467284
0.410050491478
0.424089423561
0.437809184965
0.450853374329
0.4633786748
